 JellyRoll                                                               
                         ls-dyna smp.129956 s           date 08/27/2018
1

  r i g i d   b o d y   m o t i o n   a t  cycle=       1    time=   0.000000E+00

 rigid body       2
   global             x           y           z          x-rot       y-rot       z-rot
   coordinates:   -1.3000E+01  1.7135E-08  1.6250E+01
 displacements:   -1.0873E-14  0.0000E+00  0.0000E+00  0.0000E+00  0.0000E+00  0.0000E+00
    velocities:   -1.0742E+00  0.0000E+00  0.0000E+00  0.0000E+00  0.0000E+00  0.0000E+00
 accelerations:    1.4323E+06  0.0000E+00  0.0000E+00  0.0000E+00  0.0000E+00  0.0000E+00

principal or user defined local coordinate direction vectors
                     a           b           c
     row 1     2.0266E-06     1.0000E+00    -2.6949E-03
     row 2    -9.2851E-01    -9.9880E-04    -3.7131E-01
     row 3    -3.7131E-01     2.5029E-03     9.2851E-01

 output in principal or user defined local coordinate directions
                      a           b           c          a-rot       b-rot       c-rot
 displacements:   -2.2036E-20 -1.0873E-14  2.9302E-17  0.0000E+00  0.0000E+00  0.0000E+00
    velocities:   -2.1770E-06 -1.0742E+00  2.8950E-03  0.0000E+00  0.0000E+00  0.0000E+00
 accelerations:    2.9027E+00  1.4323E+06 -3.8600E+03  0.0000E+00  0.0000E+00  0.0000E+00
1

  r i g i d   b o d y   m o t i o n   a t  cycle=      67    time=   9.900000E-05

 rigid body       2
   global             x           y           z          x-rot       y-rot       z-rot
   coordinates:   -1.2999E+01  1.7135E-08  1.6250E+01
 displacements:    5.8415E-04  0.0000E+00  0.0000E+00  0.0000E+00  0.0000E+00  0.0000E+00
    velocities:    1.0727E+01  0.0000E+00  0.0000E+00  0.0000E+00  0.0000E+00  0.0000E+00
 accelerations:    9.9000E+04  0.0000E+00  0.0000E+00  0.0000E+00  0.0000E+00  0.0000E+00

principal or user defined local coordinate direction vectors
                     a           b           c
     row 1     2.0266E-06     1.0000E+00    -2.6949E-03
     row 2    -9.2851E-01    -9.9880E-04    -3.7131E-01
     row 3    -3.7131E-01     2.5029E-03     9.2851E-01

 output in principal or user defined local coordinate directions
                      a           b           c          a-rot       b-rot       c-rot
 displacements:    1.1838E-09  5.8415E-04 -1.5742E-06  0.0000E+00  0.0000E+00  0.0000E+00
    velocities:    2.1738E-05  1.0727E+01 -2.8907E-02  0.0000E+00  0.0000E+00  0.0000E+00
 accelerations:    2.0063E-01  9.9000E+04 -2.6679E+02  0.0000E+00  0.0000E+00  0.0000E+00
1

  r i g i d   b o d y   m o t i o n   a t  cycle=     134    time=   1.995000E-04

 rigid body       2
   global             x           y           z          x-rot       y-rot       z-rot
   coordinates:   -1.2998E+01  1.7135E-08  1.6250E+01
 displacements:    2.1696E-03  0.0000E+00  0.0000E+00  0.0000E+00  0.0000E+00  0.0000E+00
    velocities:    2.0676E+01  0.0000E+00  0.0000E+00  0.0000E+00  0.0000E+00  0.0000E+00
 accelerations:    9.9000E+04  0.0000E+00  0.0000E+00  0.0000E+00  0.0000E+00  0.0000E+00

principal or user defined local coordinate direction vectors
                     a           b           c
     row 1     2.0266E-06     1.0000E+00    -2.6949E-03
     row 2    -9.2851E-01    -9.9880E-04    -3.7131E-01
     row 3    -3.7131E-01     2.5029E-03     9.2851E-01

 output in principal or user defined local coordinate directions
                      a           b           c          a-rot       b-rot       c-rot
 displacements:    4.3968E-09  2.1696E-03 -5.8468E-06  0.0000E+00  0.0000E+00  0.0000E+00
    velocities:    4.1902E-05  2.0676E+01 -5.5720E-02  0.0000E+00  0.0000E+00  0.0000E+00
 accelerations:    2.0063E-01  9.9000E+04 -2.6679E+02  0.0000E+00  0.0000E+00  0.0000E+00
1

  r i g i d   b o d y   m o t i o n   a t  cycle=     200    time=   2.985000E-04

 rigid body       2
   global             x           y           z          x-rot       y-rot       z-rot
   coordinates:   -1.2995E+01  1.7135E-08  1.6250E+01
 displacements:    4.7091E-03  0.0000E+00  0.0000E+00  0.0000E+00  0.0000E+00  0.0000E+00
    velocities:    3.0477E+01  0.0000E+00  0.0000E+00  0.0000E+00  0.0000E+00  0.0000E+00
 accelerations:    9.8999E+04  0.0000E+00  0.0000E+00  0.0000E+00  0.0000E+00  0.0000E+00

principal or user defined local coordinate direction vectors
                     a           b           c
     row 1     2.0266E-06     1.0000E+00    -2.6949E-03
     row 2    -9.2851E-01    -9.9880E-04    -3.7131E-01
     row 3    -3.7131E-01     2.5029E-03     9.2851E-01

 output in principal or user defined local coordinate directions
                      a           b           c          a-rot       b-rot       c-rot
 displacements:    9.5432E-09  4.7090E-03 -1.2690E-05  0.0000E+00  0.0000E+00  0.0000E+00
    velocities:    6.1764E-05  3.0477E+01 -8.2132E-02  0.0000E+00  0.0000E+00  0.0000E+00
 accelerations:    2.0063E-01  9.8999E+04 -2.6679E+02  0.0000E+00  0.0000E+00  0.0000E+00
1

  r i g i d   b o d y   m o t i o n   a t  cycle=     267    time=   3.990000E-04

 rigid body       2
   global             x           y           z          x-rot       y-rot       z-rot
   coordinates:   -1.2992E+01  1.7135E-08  1.6250E+01
 displacements:    8.2794E-03  0.0000E+00  0.0000E+00  0.0000E+00  0.0000E+00  0.0000E+00
    velocities:    4.0427E+01  0.0000E+00  0.0000E+00  0.0000E+00  0.0000E+00  0.0000E+00
 accelerations:    9.8999E+04  0.0000E+00  0.0000E+00  0.0000E+00  0.0000E+00  0.0000E+00

principal or user defined local coordinate direction vectors
                     a           b           c
     row 1     2.0266E-06     1.0000E+00    -2.6949E-03
     row 2    -9.2851E-01    -9.9880E-04    -3.7131E-01
     row 3    -3.7131E-01     2.5029E-03     9.2851E-01

 output in principal or user defined local coordinate directions
                      a           b           c          a-rot       b-rot       c-rot
 displacements:    1.6779E-08  8.2794E-03 -2.2312E-05  0.0000E+00  0.0000E+00  0.0000E+00
    velocities:    8.1927E-05  4.0427E+01 -1.0894E-01  0.0000E+00  0.0000E+00  0.0000E+00
 accelerations:    2.0063E-01  9.8999E+04 -2.6679E+02  0.0000E+00  0.0000E+00  0.0000E+00
1

  r i g i d   b o d y   m o t i o n   a t  cycle=     334    time=   4.995000E-04

 rigid body       2
   global             x           y           z          x-rot       y-rot       z-rot
   coordinates:   -1.2987E+01  1.7135E-08  1.6250E+01
 displacements:    1.2850E-02  0.0000E+00  0.0000E+00  0.0000E+00  0.0000E+00  0.0000E+00
    velocities:    5.0376E+01  0.0000E+00  0.0000E+00  0.0000E+00  0.0000E+00  0.0000E+00
 accelerations:    9.9002E+04  0.0000E+00  0.0000E+00  0.0000E+00  0.0000E+00  0.0000E+00

principal or user defined local coordinate direction vectors
                     a           b           c
     row 1     2.0266E-06     1.0000E+00    -2.6949E-03
     row 2    -9.2851E-01    -9.9880E-04    -3.7131E-01
     row 3    -3.7131E-01     2.5029E-03     9.2851E-01

 output in principal or user defined local coordinate directions
                      a           b           c          a-rot       b-rot       c-rot
 displacements:    2.6041E-08  1.2850E-02 -3.4628E-05  0.0000E+00  0.0000E+00  0.0000E+00
    velocities:    1.0209E-04  5.0376E+01 -1.3576E-01  0.0000E+00  0.0000E+00  0.0000E+00
 accelerations:    2.0063E-01  9.9001E+04 -2.6680E+02  0.0000E+00  0.0000E+00  0.0000E+00
1

  r i g i d   b o d y   m o t i o n   a t  cycle=     400    time=   5.985000E-04

 rigid body       2
   global             x           y           z          x-rot       y-rot       z-rot
   coordinates:   -1.2982E+01  1.7135E-08  1.6250E+01
 displacements:    1.8330E-02  0.0000E+00  0.0000E+00  0.0000E+00  0.0000E+00  0.0000E+00
    velocities:    6.0177E+01  0.0000E+00  0.0000E+00  0.0000E+00  0.0000E+00  0.0000E+00
 accelerations:    9.8999E+04  0.0000E+00  0.0000E+00  0.0000E+00  0.0000E+00  0.0000E+00

principal or user defined local coordinate direction vectors
                     a           b           c
     row 1     2.0266E-06     1.0000E+00    -2.6949E-03
     row 2    -9.2851E-01    -9.9880E-04    -3.7131E-01
     row 3    -3.7131E-01     2.5029E-03     9.2851E-01

 output in principal or user defined local coordinate directions
                      a           b           c          a-rot       b-rot       c-rot
 displacements:    3.7146E-08  1.8329E-02 -4.9396E-05  0.0000E+00  0.0000E+00  0.0000E+00
    velocities:    1.2195E-04  6.0177E+01 -1.6217E-01  0.0000E+00  0.0000E+00  0.0000E+00
 accelerations:    2.0063E-01  9.8999E+04 -2.6679E+02  0.0000E+00  0.0000E+00  0.0000E+00
1

  r i g i d   b o d y   m o t i o n   a t  cycle=     467    time=   6.990000E-04

 rigid body       2
   global             x           y           z          x-rot       y-rot       z-rot
   coordinates:   -1.2975E+01  1.7135E-08  1.6250E+01
 displacements:    2.4885E-02  0.0000E+00  0.0000E+00  0.0000E+00  0.0000E+00  0.0000E+00
    velocities:    7.0127E+01  0.0000E+00  0.0000E+00  0.0000E+00  0.0000E+00  0.0000E+00
 accelerations:    9.9004E+04  0.0000E+00  0.0000E+00  0.0000E+00  0.0000E+00  0.0000E+00

principal or user defined local coordinate direction vectors
                     a           b           c
     row 1     2.0266E-06     1.0000E+00    -2.6949E-03
     row 2    -9.2851E-01    -9.9880E-04    -3.7131E-01
     row 3    -3.7131E-01     2.5029E-03     9.2851E-01

 output in principal or user defined local coordinate directions
                      a           b           c          a-rot       b-rot       c-rot
 displacements:    5.0430E-08  2.4885E-02 -6.7061E-05  0.0000E+00  0.0000E+00  0.0000E+00
    velocities:    1.4212E-04  7.0126E+01 -1.8898E-01  0.0000E+00  0.0000E+00  0.0000E+00
 accelerations:    2.0064E-01  9.9004E+04 -2.6680E+02  0.0000E+00  0.0000E+00  0.0000E+00
1

  r i g i d   b o d y   m o t i o n   a t  cycle=     534    time=   7.995000E-04

 rigid body       2
   global             x           y           z          x-rot       y-rot       z-rot
   coordinates:   -1.2968E+01  1.7135E-08  1.6250E+01
 displacements:    3.2440E-02  0.0000E+00  0.0000E+00  0.0000E+00  0.0000E+00  0.0000E+00
    velocities:    8.0076E+01  0.0000E+00  0.0000E+00  0.0000E+00  0.0000E+00  0.0000E+00
 accelerations:    9.8999E+04  0.0000E+00  0.0000E+00  0.0000E+00  0.0000E+00  0.0000E+00

principal or user defined local coordinate direction vectors
                     a           b           c
     row 1     2.0266E-06     1.0000E+00    -2.6949E-03
     row 2    -9.2851E-01    -9.9880E-04    -3.7131E-01
     row 3    -3.7131E-01     2.5029E-03     9.2851E-01

 output in principal or user defined local coordinate directions
                      a           b           c          a-rot       b-rot       c-rot
 displacements:    6.5742E-08  3.2440E-02 -8.7422E-05  0.0000E+00  0.0000E+00  0.0000E+00
    velocities:    1.6228E-04  8.0076E+01 -2.1580E-01  0.0000E+00  0.0000E+00  0.0000E+00
 accelerations:    2.0063E-01  9.8999E+04 -2.6679E+02  0.0000E+00  0.0000E+00  0.0000E+00
1

  r i g i d   b o d y   m o t i o n   a t  cycle=     600    time=   8.985000E-04

 rigid body       2
   global             x           y           z          x-rot       y-rot       z-rot
   coordinates:   -1.2959E+01  1.7135E-08  1.6250E+01
 displacements:    4.0860E-02  0.0000E+00  0.0000E+00  0.0000E+00  0.0000E+00  0.0000E+00
    velocities:    8.9877E+01  0.0000E+00  0.0000E+00  0.0000E+00  0.0000E+00  0.0000E+00
 accelerations:    9.8999E+04  0.0000E+00  0.0000E+00  0.0000E+00  0.0000E+00  0.0000E+00

principal or user defined local coordinate direction vectors
                     a           b           c
     row 1     2.0266E-06     1.0000E+00    -2.6949E-03
     row 2    -9.2851E-01    -9.9880E-04    -3.7131E-01
     row 3    -3.7131E-01     2.5029E-03     9.2851E-01

 output in principal or user defined local coordinate directions
                      a           b           c          a-rot       b-rot       c-rot
 displacements:    8.2805E-08  4.0860E-02 -1.1011E-04  0.0000E+00  0.0000E+00  0.0000E+00
    velocities:    1.8214E-04  8.9877E+01 -2.4221E-01  0.0000E+00  0.0000E+00  0.0000E+00
 accelerations:    2.0063E-01  9.8999E+04 -2.6679E+02  0.0000E+00  0.0000E+00  0.0000E+00
1

  r i g i d   b o d y   m o t i o n   a t  cycle=     667    time=   9.990000E-04

 rigid body       2
   global             x           y           z          x-rot       y-rot       z-rot
   coordinates:   -1.2950E+01  1.7135E-08  1.6250E+01
 displacements:    5.0400E-02  0.0000E+00  0.0000E+00  0.0000E+00  0.0000E+00  0.0000E+00
    velocities:    9.9827E+01  0.0000E+00  0.0000E+00  0.0000E+00  0.0000E+00  0.0000E+00
 accelerations:    1.1550E+05  0.0000E+00  0.0000E+00  0.0000E+00  0.0000E+00  0.0000E+00

principal or user defined local coordinate direction vectors
                     a           b           c
     row 1     2.0266E-06     1.0000E+00    -2.6949E-03
     row 2    -9.2851E-01    -9.9880E-04    -3.7131E-01
     row 3    -3.7131E-01     2.5029E-03     9.2851E-01

 output in principal or user defined local coordinate directions
                      a           b           c          a-rot       b-rot       c-rot
 displacements:    1.0214E-07  5.0400E-02 -1.3582E-04  0.0000E+00  0.0000E+00  0.0000E+00
    velocities:    2.0230E-04  9.9826E+01 -2.6902E-01  0.0000E+00  0.0000E+00  0.0000E+00
 accelerations:    2.3408E-01  1.1550E+05 -3.1127E+02  0.0000E+00  0.0000E+00  0.0000E+00
1

  r i g i d   b o d y   m o t i o n   a t  cycle=     734    time=   1.099500E-03

 rigid body       2
   global             x           y           z          x-rot       y-rot       z-rot
   coordinates:   -1.2940E+01  1.7135E-08  1.6250E+01
 displacements:    6.0450E-02  0.0000E+00  0.0000E+00  0.0000E+00  0.0000E+00  0.0000E+00
    velocities:    1.0000E+02  0.0000E+00  0.0000E+00  0.0000E+00  0.0000E+00  0.0000E+00
 accelerations:    0.0000E+00  0.0000E+00  0.0000E+00  0.0000E+00  0.0000E+00  0.0000E+00

principal or user defined local coordinate direction vectors
                     a           b           c
     row 1     2.0266E-06     1.0000E+00    -2.6949E-03
     row 2    -9.2851E-01    -9.9880E-04    -3.7131E-01
     row 3    -3.7131E-01     2.5029E-03     9.2851E-01

 output in principal or user defined local coordinate directions
                      a           b           c          a-rot       b-rot       c-rot
 displacements:    1.2251E-07  6.0450E-02 -1.6291E-04  0.0000E+00  0.0000E+00  0.0000E+00
    velocities:    2.0266E-04  1.0000E+02 -2.6949E-01  0.0000E+00  0.0000E+00  0.0000E+00
 accelerations:    0.0000E+00  0.0000E+00  0.0000E+00  0.0000E+00  0.0000E+00  0.0000E+00
1

  r i g i d   b o d y   m o t i o n   a t  cycle=     800    time=   1.198500E-03

 rigid body       2
   global             x           y           z          x-rot       y-rot       z-rot
   coordinates:   -1.2930E+01  1.7135E-08  1.6250E+01
 displacements:    7.0350E-02  0.0000E+00  0.0000E+00  0.0000E+00  0.0000E+00  0.0000E+00
    velocities:    1.0000E+02  0.0000E+00  0.0000E+00  0.0000E+00  0.0000E+00  0.0000E+00
 accelerations:    0.0000E+00  0.0000E+00  0.0000E+00  0.0000E+00  0.0000E+00  0.0000E+00

principal or user defined local coordinate direction vectors
                     a           b           c
     row 1     2.0266E-06     1.0000E+00    -2.6949E-03
     row 2    -9.2851E-01    -9.9880E-04    -3.7131E-01
     row 3    -3.7131E-01     2.5029E-03     9.2851E-01

 output in principal or user defined local coordinate directions
                      a           b           c          a-rot       b-rot       c-rot
 displacements:    1.4257E-07  7.0350E-02 -1.8958E-04  0.0000E+00  0.0000E+00  0.0000E+00
    velocities:    2.0266E-04  1.0000E+02 -2.6949E-01  0.0000E+00  0.0000E+00  0.0000E+00
 accelerations:    0.0000E+00  0.0000E+00  0.0000E+00  0.0000E+00  0.0000E+00  0.0000E+00
1

  r i g i d   b o d y   m o t i o n   a t  cycle=     867    time=   1.299000E-03

 rigid body       2
   global             x           y           z          x-rot       y-rot       z-rot
   coordinates:   -1.2920E+01  1.7135E-08  1.6250E+01
 displacements:    8.0400E-02  0.0000E+00  0.0000E+00  0.0000E+00  0.0000E+00  0.0000E+00
    velocities:    1.0000E+02  0.0000E+00  0.0000E+00  0.0000E+00  0.0000E+00  0.0000E+00
 accelerations:    0.0000E+00  0.0000E+00  0.0000E+00  0.0000E+00  0.0000E+00  0.0000E+00

principal or user defined local coordinate direction vectors
                     a           b           c
     row 1     2.0266E-06     1.0000E+00    -2.6949E-03
     row 2    -9.2851E-01    -9.9880E-04    -3.7131E-01
     row 3    -3.7131E-01     2.5029E-03     9.2851E-01

 output in principal or user defined local coordinate directions
                      a           b           c          a-rot       b-rot       c-rot
 displacements:    1.6294E-07  8.0400E-02 -2.1667E-04  0.0000E+00  0.0000E+00  0.0000E+00
    velocities:    2.0266E-04  1.0000E+02 -2.6949E-01  0.0000E+00  0.0000E+00  0.0000E+00
 accelerations:    0.0000E+00  0.0000E+00  0.0000E+00  0.0000E+00  0.0000E+00  0.0000E+00
1

  r i g i d   b o d y   m o t i o n   a t  cycle=     934    time=   1.399500E-03

 rigid body       2
   global             x           y           z          x-rot       y-rot       z-rot
   coordinates:   -1.2910E+01  1.7135E-08  1.6250E+01
 displacements:    9.0451E-02  0.0000E+00  0.0000E+00  0.0000E+00  0.0000E+00  0.0000E+00
    velocities:    1.0000E+02  0.0000E+00  0.0000E+00  0.0000E+00  0.0000E+00  0.0000E+00
 accelerations:    0.0000E+00  0.0000E+00  0.0000E+00  0.0000E+00  0.0000E+00  0.0000E+00

principal or user defined local coordinate direction vectors
                     a           b           c
     row 1     2.0266E-06     1.0000E+00    -2.6949E-03
     row 2    -9.2851E-01    -9.9880E-04    -3.7131E-01
     row 3    -3.7131E-01     2.5029E-03     9.2851E-01

 output in principal or user defined local coordinate directions
                      a           b           c          a-rot       b-rot       c-rot
 displacements:    1.8330E-07  9.0450E-02 -2.4375E-04  0.0000E+00  0.0000E+00  0.0000E+00
    velocities:    2.0266E-04  1.0000E+02 -2.6949E-01  0.0000E+00  0.0000E+00  0.0000E+00
 accelerations:    0.0000E+00  0.0000E+00  0.0000E+00  0.0000E+00  0.0000E+00  0.0000E+00
1

  r i g i d   b o d y   m o t i o n   a t  cycle=    1000    time=   1.498500E-03

 rigid body       2
   global             x           y           z          x-rot       y-rot       z-rot
   coordinates:   -1.2900E+01  1.7135E-08  1.6250E+01
 displacements:    1.0035E-01  0.0000E+00  0.0000E+00  0.0000E+00  0.0000E+00  0.0000E+00
    velocities:    1.0000E+02  0.0000E+00  0.0000E+00  0.0000E+00  0.0000E+00  0.0000E+00
 accelerations:    0.0000E+00  0.0000E+00  0.0000E+00  0.0000E+00  0.0000E+00  0.0000E+00

principal or user defined local coordinate direction vectors
                     a           b           c
     row 1     2.0266E-06     1.0000E+00    -2.6949E-03
     row 2    -9.2851E-01    -9.9880E-04    -3.7131E-01
     row 3    -3.7131E-01     2.5029E-03     9.2851E-01

 output in principal or user defined local coordinate directions
                      a           b           c          a-rot       b-rot       c-rot
 displacements:    2.0337E-07  1.0035E-01 -2.7043E-04  0.0000E+00  0.0000E+00  0.0000E+00
    velocities:    2.0266E-04  1.0000E+02 -2.6949E-01  0.0000E+00  0.0000E+00  0.0000E+00
 accelerations:    0.0000E+00  0.0000E+00  0.0000E+00  0.0000E+00  0.0000E+00  0.0000E+00
1

  r i g i d   b o d y   m o t i o n   a t  cycle=    1067    time=   1.599000E-03

 rigid body       2
   global             x           y           z          x-rot       y-rot       z-rot
   coordinates:   -1.2890E+01  1.7135E-08  1.6250E+01
 displacements:    1.1040E-01  0.0000E+00  0.0000E+00  0.0000E+00  0.0000E+00  0.0000E+00
    velocities:    1.0000E+02  0.0000E+00  0.0000E+00  0.0000E+00  0.0000E+00  0.0000E+00
 accelerations:    0.0000E+00  0.0000E+00  0.0000E+00  0.0000E+00  0.0000E+00  0.0000E+00

principal or user defined local coordinate direction vectors
                     a           b           c
     row 1     2.0266E-06     1.0000E+00    -2.6949E-03
     row 2    -9.2851E-01    -9.9880E-04    -3.7131E-01
     row 3    -3.7131E-01     2.5029E-03     9.2851E-01

 output in principal or user defined local coordinate directions
                      a           b           c          a-rot       b-rot       c-rot
 displacements:    2.2373E-07  1.1040E-01 -2.9752E-04  0.0000E+00  0.0000E+00  0.0000E+00
    velocities:    2.0266E-04  1.0000E+02 -2.6949E-01  0.0000E+00  0.0000E+00  0.0000E+00
 accelerations:    0.0000E+00  0.0000E+00  0.0000E+00  0.0000E+00  0.0000E+00  0.0000E+00
1

  r i g i d   b o d y   m o t i o n   a t  cycle=    1134    time=   1.699500E-03

 rigid body       2
   global             x           y           z          x-rot       y-rot       z-rot
   coordinates:   -1.2880E+01  1.7135E-08  1.6250E+01
 displacements:    1.2045E-01  0.0000E+00  0.0000E+00  0.0000E+00  0.0000E+00  0.0000E+00
    velocities:    1.0000E+02  0.0000E+00  0.0000E+00  0.0000E+00  0.0000E+00  0.0000E+00
 accelerations:    0.0000E+00  0.0000E+00  0.0000E+00  0.0000E+00  0.0000E+00  0.0000E+00

principal or user defined local coordinate direction vectors
                     a           b           c
     row 1     2.0266E-06     1.0000E+00    -2.6949E-03
     row 2    -9.2851E-01    -9.9880E-04    -3.7131E-01
     row 3    -3.7131E-01     2.5029E-03     9.2851E-01

 output in principal or user defined local coordinate directions
                      a           b           c          a-rot       b-rot       c-rot
 displacements:    2.4410E-07  1.2045E-01 -3.2460E-04  0.0000E+00  0.0000E+00  0.0000E+00
    velocities:    2.0266E-04  1.0000E+02 -2.6949E-01  0.0000E+00  0.0000E+00  0.0000E+00
 accelerations:    0.0000E+00  0.0000E+00  0.0000E+00  0.0000E+00  0.0000E+00  0.0000E+00
1

  r i g i d   b o d y   m o t i o n   a t  cycle=    1200    time=   1.798500E-03

 rigid body       2
   global             x           y           z          x-rot       y-rot       z-rot
   coordinates:   -1.2870E+01  1.7135E-08  1.6250E+01
 displacements:    1.3035E-01  0.0000E+00  0.0000E+00  0.0000E+00  0.0000E+00  0.0000E+00
    velocities:    1.0000E+02  0.0000E+00  0.0000E+00  0.0000E+00  0.0000E+00  0.0000E+00
 accelerations:    0.0000E+00  0.0000E+00  0.0000E+00  0.0000E+00  0.0000E+00  0.0000E+00

principal or user defined local coordinate direction vectors
                     a           b           c
     row 1     2.0266E-06     1.0000E+00    -2.6949E-03
     row 2    -9.2851E-01    -9.9880E-04    -3.7131E-01
     row 3    -3.7131E-01     2.5029E-03     9.2851E-01

 output in principal or user defined local coordinate directions
                      a           b           c          a-rot       b-rot       c-rot
 displacements:    2.6416E-07  1.3035E-01 -3.5128E-04  0.0000E+00  0.0000E+00  0.0000E+00
    velocities:    2.0266E-04  1.0000E+02 -2.6949E-01  0.0000E+00  0.0000E+00  0.0000E+00
 accelerations:    0.0000E+00  0.0000E+00  0.0000E+00  0.0000E+00  0.0000E+00  0.0000E+00
1

  r i g i d   b o d y   m o t i o n   a t  cycle=    1267    time=   1.899000E-03

 rigid body       2
   global             x           y           z          x-rot       y-rot       z-rot
   coordinates:   -1.2860E+01  1.7135E-08  1.6250E+01
 displacements:    1.4040E-01  0.0000E+00  0.0000E+00  0.0000E+00  0.0000E+00  0.0000E+00
    velocities:    1.0000E+02  0.0000E+00  0.0000E+00  0.0000E+00  0.0000E+00  0.0000E+00
 accelerations:    0.0000E+00  0.0000E+00  0.0000E+00  0.0000E+00  0.0000E+00  0.0000E+00

principal or user defined local coordinate direction vectors
                     a           b           c
     row 1     2.0266E-06     1.0000E+00    -2.6949E-03
     row 2    -9.2851E-01    -9.9880E-04    -3.7131E-01
     row 3    -3.7131E-01     2.5029E-03     9.2851E-01

 output in principal or user defined local coordinate directions
                      a           b           c          a-rot       b-rot       c-rot
 displacements:    2.8453E-07  1.4040E-01 -3.7836E-04  0.0000E+00  0.0000E+00  0.0000E+00
    velocities:    2.0266E-04  1.0000E+02 -2.6949E-01  0.0000E+00  0.0000E+00  0.0000E+00
 accelerations:    0.0000E+00  0.0000E+00  0.0000E+00  0.0000E+00  0.0000E+00  0.0000E+00
1

  r i g i d   b o d y   m o t i o n   a t  cycle=    1334    time=   1.999500E-03

 rigid body       2
   global             x           y           z          x-rot       y-rot       z-rot
   coordinates:   -1.2850E+01  1.7135E-08  1.6250E+01
 displacements:    1.5045E-01  0.0000E+00  0.0000E+00  0.0000E+00  0.0000E+00  0.0000E+00
    velocities:    1.0000E+02  0.0000E+00  0.0000E+00  0.0000E+00  0.0000E+00  0.0000E+00
 accelerations:    0.0000E+00  0.0000E+00  0.0000E+00  0.0000E+00  0.0000E+00  0.0000E+00

principal or user defined local coordinate direction vectors
                     a           b           c
     row 1     2.0266E-06     1.0000E+00    -2.6949E-03
     row 2    -9.2851E-01    -9.9880E-04    -3.7131E-01
     row 3    -3.7131E-01     2.5029E-03     9.2851E-01

 output in principal or user defined local coordinate directions
                      a           b           c          a-rot       b-rot       c-rot
 displacements:    3.0490E-07  1.5045E-01 -4.0544E-04  0.0000E+00  0.0000E+00  0.0000E+00
    velocities:    2.0266E-04  1.0000E+02 -2.6949E-01  0.0000E+00  0.0000E+00  0.0000E+00
 accelerations:    0.0000E+00  0.0000E+00  0.0000E+00  0.0000E+00  0.0000E+00  0.0000E+00
1

  r i g i d   b o d y   m o t i o n   a t  cycle=    1400    time=   2.098500E-03

 rigid body       2
   global             x           y           z          x-rot       y-rot       z-rot
   coordinates:   -1.2840E+01  1.7135E-08  1.6250E+01
 displacements:    1.6035E-01  0.0000E+00  0.0000E+00  0.0000E+00  0.0000E+00  0.0000E+00
    velocities:    1.0000E+02  0.0000E+00  0.0000E+00  0.0000E+00  0.0000E+00  0.0000E+00
 accelerations:    0.0000E+00  0.0000E+00  0.0000E+00  0.0000E+00  0.0000E+00  0.0000E+00

principal or user defined local coordinate direction vectors
                     a           b           c
     row 1     2.0266E-06     1.0000E+00    -2.6949E-03
     row 2    -9.2851E-01    -9.9880E-04    -3.7131E-01
     row 3    -3.7131E-01     2.5029E-03     9.2851E-01

 output in principal or user defined local coordinate directions
                      a           b           c          a-rot       b-rot       c-rot
 displacements:    3.2496E-07  1.6035E-01 -4.3212E-04  0.0000E+00  0.0000E+00  0.0000E+00
    velocities:    2.0266E-04  1.0000E+02 -2.6949E-01  0.0000E+00  0.0000E+00  0.0000E+00
 accelerations:    0.0000E+00  0.0000E+00  0.0000E+00  0.0000E+00  0.0000E+00  0.0000E+00
1

  r i g i d   b o d y   m o t i o n   a t  cycle=    1467    time=   2.199000E-03

 rigid body       2
   global             x           y           z          x-rot       y-rot       z-rot
   coordinates:   -1.2830E+01  1.7135E-08  1.6250E+01
 displacements:    1.7040E-01  0.0000E+00  0.0000E+00  0.0000E+00  0.0000E+00  0.0000E+00
    velocities:    1.0000E+02  0.0000E+00  0.0000E+00  0.0000E+00  0.0000E+00  0.0000E+00
 accelerations:    0.0000E+00  0.0000E+00  0.0000E+00  0.0000E+00  0.0000E+00  0.0000E+00

principal or user defined local coordinate direction vectors
                     a           b           c
     row 1     2.0266E-06     1.0000E+00    -2.6949E-03
     row 2    -9.2851E-01    -9.9880E-04    -3.7131E-01
     row 3    -3.7131E-01     2.5029E-03     9.2851E-01

 output in principal or user defined local coordinate directions
                      a           b           c          a-rot       b-rot       c-rot
 displacements:    3.4532E-07  1.7040E-01 -4.5921E-04  0.0000E+00  0.0000E+00  0.0000E+00
    velocities:    2.0266E-04  1.0000E+02 -2.6949E-01  0.0000E+00  0.0000E+00  0.0000E+00
 accelerations:    0.0000E+00  0.0000E+00  0.0000E+00  0.0000E+00  0.0000E+00  0.0000E+00
1

  r i g i d   b o d y   m o t i o n   a t  cycle=    1534    time=   2.299500E-03

 rigid body       2
   global             x           y           z          x-rot       y-rot       z-rot
   coordinates:   -1.2820E+01  1.7135E-08  1.6250E+01
 displacements:    1.8045E-01  0.0000E+00  0.0000E+00  0.0000E+00  0.0000E+00  0.0000E+00
    velocities:    1.0000E+02  0.0000E+00  0.0000E+00  0.0000E+00  0.0000E+00  0.0000E+00
 accelerations:    0.0000E+00  0.0000E+00  0.0000E+00  0.0000E+00  0.0000E+00  0.0000E+00

principal or user defined local coordinate direction vectors
                     a           b           c
     row 1     2.0266E-06     1.0000E+00    -2.6949E-03
     row 2    -9.2851E-01    -9.9880E-04    -3.7131E-01
     row 3    -3.7131E-01     2.5029E-03     9.2851E-01

 output in principal or user defined local coordinate directions
                      a           b           c          a-rot       b-rot       c-rot
 displacements:    3.6569E-07  1.8045E-01 -4.8629E-04  0.0000E+00  0.0000E+00  0.0000E+00
    velocities:    2.0266E-04  1.0000E+02 -2.6949E-01  0.0000E+00  0.0000E+00  0.0000E+00
 accelerations:    0.0000E+00  0.0000E+00  0.0000E+00  0.0000E+00  0.0000E+00  0.0000E+00
1

  r i g i d   b o d y   m o t i o n   a t  cycle=    1600    time=   2.398500E-03

 rigid body       2
   global             x           y           z          x-rot       y-rot       z-rot
   coordinates:   -1.2810E+01  1.7135E-08  1.6250E+01
 displacements:    1.9035E-01  0.0000E+00  0.0000E+00  0.0000E+00  0.0000E+00  0.0000E+00
    velocities:    1.0000E+02  0.0000E+00  0.0000E+00  0.0000E+00  0.0000E+00  0.0000E+00
 accelerations:    0.0000E+00  0.0000E+00  0.0000E+00  0.0000E+00  0.0000E+00  0.0000E+00

principal or user defined local coordinate direction vectors
                     a           b           c
     row 1     2.0266E-06     1.0000E+00    -2.6949E-03
     row 2    -9.2851E-01    -9.9880E-04    -3.7131E-01
     row 3    -3.7131E-01     2.5029E-03     9.2851E-01

 output in principal or user defined local coordinate directions
                      a           b           c          a-rot       b-rot       c-rot
 displacements:    3.8575E-07  1.9035E-01 -5.1297E-04  0.0000E+00  0.0000E+00  0.0000E+00
    velocities:    2.0266E-04  1.0000E+02 -2.6949E-01  0.0000E+00  0.0000E+00  0.0000E+00
 accelerations:    0.0000E+00  0.0000E+00  0.0000E+00  0.0000E+00  0.0000E+00  0.0000E+00
1

  r i g i d   b o d y   m o t i o n   a t  cycle=    1667    time=   2.499000E-03

 rigid body       2
   global             x           y           z          x-rot       y-rot       z-rot
   coordinates:   -1.2800E+01  1.7135E-08  1.6250E+01
 displacements:    2.0040E-01  0.0000E+00  0.0000E+00  0.0000E+00  0.0000E+00  0.0000E+00
    velocities:    1.0000E+02  0.0000E+00  0.0000E+00  0.0000E+00  0.0000E+00  0.0000E+00
 accelerations:    0.0000E+00  0.0000E+00  0.0000E+00  0.0000E+00  0.0000E+00  0.0000E+00

principal or user defined local coordinate direction vectors
                     a           b           c
     row 1     2.0266E-06     1.0000E+00    -2.6949E-03
     row 2    -9.2851E-01    -9.9880E-04    -3.7131E-01
     row 3    -3.7131E-01     2.5029E-03     9.2851E-01

 output in principal or user defined local coordinate directions
                      a           b           c          a-rot       b-rot       c-rot
 displacements:    4.0612E-07  2.0040E-01 -5.4005E-04  0.0000E+00  0.0000E+00  0.0000E+00
    velocities:    2.0266E-04  1.0000E+02 -2.6949E-01  0.0000E+00  0.0000E+00  0.0000E+00
 accelerations:    0.0000E+00  0.0000E+00  0.0000E+00  0.0000E+00  0.0000E+00  0.0000E+00
1

  r i g i d   b o d y   m o t i o n   a t  cycle=    1734    time=   2.599500E-03

 rigid body       2
   global             x           y           z          x-rot       y-rot       z-rot
   coordinates:   -1.2790E+01  1.7135E-08  1.6250E+01
 displacements:    2.1045E-01  0.0000E+00  0.0000E+00  0.0000E+00  0.0000E+00  0.0000E+00
    velocities:    1.0000E+02  0.0000E+00  0.0000E+00  0.0000E+00  0.0000E+00  0.0000E+00
 accelerations:    0.0000E+00  0.0000E+00  0.0000E+00  0.0000E+00  0.0000E+00  0.0000E+00

principal or user defined local coordinate direction vectors
                     a           b           c
     row 1     2.0266E-06     1.0000E+00    -2.6949E-03
     row 2    -9.2851E-01    -9.9880E-04    -3.7131E-01
     row 3    -3.7131E-01     2.5029E-03     9.2851E-01

 output in principal or user defined local coordinate directions
                      a           b           c          a-rot       b-rot       c-rot
 displacements:    4.2649E-07  2.1045E-01 -5.6713E-04  0.0000E+00  0.0000E+00  0.0000E+00
    velocities:    2.0266E-04  1.0000E+02 -2.6949E-01  0.0000E+00  0.0000E+00  0.0000E+00
 accelerations:    0.0000E+00  0.0000E+00  0.0000E+00  0.0000E+00  0.0000E+00  0.0000E+00
1

  r i g i d   b o d y   m o t i o n   a t  cycle=    1800    time=   2.698500E-03

 rigid body       2
   global             x           y           z          x-rot       y-rot       z-rot
   coordinates:   -1.2780E+01  1.7135E-08  1.6250E+01
 displacements:    2.2035E-01  0.0000E+00  0.0000E+00  0.0000E+00  0.0000E+00  0.0000E+00
    velocities:    1.0000E+02  0.0000E+00  0.0000E+00  0.0000E+00  0.0000E+00  0.0000E+00
 accelerations:    0.0000E+00  0.0000E+00  0.0000E+00  0.0000E+00  0.0000E+00  0.0000E+00

principal or user defined local coordinate direction vectors
                     a           b           c
     row 1     2.0266E-06     1.0000E+00    -2.6949E-03
     row 2    -9.2851E-01    -9.9880E-04    -3.7131E-01
     row 3    -3.7131E-01     2.5029E-03     9.2851E-01

 output in principal or user defined local coordinate directions
                      a           b           c          a-rot       b-rot       c-rot
 displacements:    4.4655E-07  2.2035E-01 -5.9381E-04  0.0000E+00  0.0000E+00  0.0000E+00
    velocities:    2.0266E-04  1.0000E+02 -2.6949E-01  0.0000E+00  0.0000E+00  0.0000E+00
 accelerations:    0.0000E+00  0.0000E+00  0.0000E+00  0.0000E+00  0.0000E+00  0.0000E+00
1

  r i g i d   b o d y   m o t i o n   a t  cycle=    1867    time=   2.799000E-03

 rigid body       2
   global             x           y           z          x-rot       y-rot       z-rot
   coordinates:   -1.2770E+01  1.7135E-08  1.6250E+01
 displacements:    2.3040E-01  0.0000E+00  0.0000E+00  0.0000E+00  0.0000E+00  0.0000E+00
    velocities:    1.0000E+02  0.0000E+00  0.0000E+00  0.0000E+00  0.0000E+00  0.0000E+00
 accelerations:    0.0000E+00  0.0000E+00  0.0000E+00  0.0000E+00  0.0000E+00  0.0000E+00

principal or user defined local coordinate direction vectors
                     a           b           c
     row 1     2.0266E-06     1.0000E+00    -2.6949E-03
     row 2    -9.2851E-01    -9.9880E-04    -3.7131E-01
     row 3    -3.7131E-01     2.5029E-03     9.2851E-01

 output in principal or user defined local coordinate directions
                      a           b           c          a-rot       b-rot       c-rot
 displacements:    4.6691E-07  2.3040E-01 -6.2089E-04  0.0000E+00  0.0000E+00  0.0000E+00
    velocities:    2.0266E-04  1.0000E+02 -2.6949E-01  0.0000E+00  0.0000E+00  0.0000E+00
 accelerations:    0.0000E+00  0.0000E+00  0.0000E+00  0.0000E+00  0.0000E+00  0.0000E+00
1

  r i g i d   b o d y   m o t i o n   a t  cycle=    1934    time=   2.899500E-03

 rigid body       2
   global             x           y           z          x-rot       y-rot       z-rot
   coordinates:   -1.2760E+01  1.7135E-08  1.6250E+01
 displacements:    2.4045E-01  0.0000E+00  0.0000E+00  0.0000E+00  0.0000E+00  0.0000E+00
    velocities:    1.0000E+02  0.0000E+00  0.0000E+00  0.0000E+00  0.0000E+00  0.0000E+00
 accelerations:    0.0000E+00  0.0000E+00  0.0000E+00  0.0000E+00  0.0000E+00  0.0000E+00

principal or user defined local coordinate direction vectors
                     a           b           c
     row 1     2.0266E-06     1.0000E+00    -2.6949E-03
     row 2    -9.2851E-01    -9.9880E-04    -3.7131E-01
     row 3    -3.7131E-01     2.5029E-03     9.2851E-01

 output in principal or user defined local coordinate directions
                      a           b           c          a-rot       b-rot       c-rot
 displacements:    4.8728E-07  2.4045E-01 -6.4797E-04  0.0000E+00  0.0000E+00  0.0000E+00
    velocities:    2.0266E-04  1.0000E+02 -2.6949E-01  0.0000E+00  0.0000E+00  0.0000E+00
 accelerations:    0.0000E+00  0.0000E+00  0.0000E+00  0.0000E+00  0.0000E+00  0.0000E+00
1

  r i g i d   b o d y   m o t i o n   a t  cycle=    2000    time=   2.998500E-03

 rigid body       2
   global             x           y           z          x-rot       y-rot       z-rot
   coordinates:   -1.2750E+01  1.7135E-08  1.6250E+01
 displacements:    2.5035E-01  0.0000E+00  0.0000E+00  0.0000E+00  0.0000E+00  0.0000E+00
    velocities:    1.0000E+02  0.0000E+00  0.0000E+00  0.0000E+00  0.0000E+00  0.0000E+00
 accelerations:    0.0000E+00  0.0000E+00  0.0000E+00  0.0000E+00  0.0000E+00  0.0000E+00

principal or user defined local coordinate direction vectors
                     a           b           c
     row 1     2.0266E-06     1.0000E+00    -2.6949E-03
     row 2    -9.2851E-01    -9.9880E-04    -3.7131E-01
     row 3    -3.7131E-01     2.5029E-03     9.2851E-01

 output in principal or user defined local coordinate directions
                      a           b           c          a-rot       b-rot       c-rot
 displacements:    5.0734E-07  2.5035E-01 -6.7465E-04  0.0000E+00  0.0000E+00  0.0000E+00
    velocities:    2.0266E-04  1.0000E+02 -2.6949E-01  0.0000E+00  0.0000E+00  0.0000E+00
 accelerations:    0.0000E+00  0.0000E+00  0.0000E+00  0.0000E+00  0.0000E+00  0.0000E+00
1

  r i g i d   b o d y   m o t i o n   a t  cycle=    2067    time=   3.099000E-03

 rigid body       2
   global             x           y           z          x-rot       y-rot       z-rot
   coordinates:   -1.2740E+01  1.7135E-08  1.6250E+01
 displacements:    2.6040E-01  0.0000E+00  0.0000E+00  0.0000E+00  0.0000E+00  0.0000E+00
    velocities:    1.0000E+02  0.0000E+00  0.0000E+00  0.0000E+00  0.0000E+00  0.0000E+00
 accelerations:    0.0000E+00  0.0000E+00  0.0000E+00  0.0000E+00  0.0000E+00  0.0000E+00

principal or user defined local coordinate direction vectors
                     a           b           c
     row 1     2.0266E-06     1.0000E+00    -2.6949E-03
     row 2    -9.2851E-01    -9.9880E-04    -3.7131E-01
     row 3    -3.7131E-01     2.5029E-03     9.2851E-01

 output in principal or user defined local coordinate directions
                      a           b           c          a-rot       b-rot       c-rot
 displacements:    5.2771E-07  2.6040E-01 -7.0174E-04  0.0000E+00  0.0000E+00  0.0000E+00
    velocities:    2.0266E-04  1.0000E+02 -2.6949E-01  0.0000E+00  0.0000E+00  0.0000E+00
 accelerations:    0.0000E+00  0.0000E+00  0.0000E+00  0.0000E+00  0.0000E+00  0.0000E+00
1

  r i g i d   b o d y   m o t i o n   a t  cycle=    2134    time=   3.199500E-03

 rigid body       2
   global             x           y           z          x-rot       y-rot       z-rot
